600001.E-02  4993.12E-03  8204.31E-08
120000.E-01  5026.19E-03  2869.31E-07
180000.E-01  5079.69E-03  4552.09E-07
240000.E-01  5129.44E-03  3976.29E-07
300000.E-01  5190.62E-03  1050.64E-06
360000.E-01  5253.88E-03  5007.12E-07
420000.E-01  5314.26E-03  8799.00E-07
480000.E-01  5380.41E-03  2784.06E-07
540000.E-01  5455.68E-03  1141.41E-06
600000.E-01  5531.68E-03  2966.98E-07
660000.E-01  5615.87E-03  7311.40E-07
720000.E-01  5695.82E-03  7233.89E-07
780000.E-01  5783.14E-03  4633.62E-07
840000.E-01  5878.70E-03  2293.01E-06
900000.E-01  5966.20E-03  4137.62E-07
960000.E-01  6068.86E-03  4414.55E-07
102000.E+00  6176.87E-03  9346.56E-07
108000.E+00  6283.03E-03  5267.71E-07
114000.E+00  6413.03E-03  3655.66E-07
120000.E+00  6537.44E-03  7817.51E-07
126000.E+00  6676.66E-03  1098.93E-06
132000.E+00  6832.15E-03  7860.95E-07
138000.E+00  7002.77E-03  5990.04E-07
144000.E+00  7166.45E-03  4639.90E-07
150000.E+00  7352.13E-03  7031.73E-07
156000.E+00  7562.93E-03  6636.00E-07
162000.E+00  7767.46E-03  1062.97E-06
168000.E+00  7978.10E-03  4379.01E-06
174000.E+00  8235.06E-03  1002.22E-06
180000.E+00  8518.81E-03  8685.75E-07
186000.E+00  8838.46E-03  1029.09E-06
192000.E+00  9215.34E-03  1292.13E-06
198000.E+00  9643.74E-03  1411.75E-06
204000.E+00  1015.55E-02  1505.98E-06
210000.E+00  1078.86E-02  1745.16E-06
216000.E+00  1157.07E-02  1250.66E-06
222000.E+00  1261.63E-02  1447.77E-06
228000.E+00  1411.06E-02  2444.00E-06
234000.E+00  1646.01E-02  3443.46E-06
240000.E+00  1974.33E-02  5926.64E-06
246000.E+00  1670.41E-02  1380.99E-05
252000.E+00  5041.51E-03  8257.77E-06
258000.E+00  2942.47E-04  9443.96E-07
264000.E+00  1421.39E-06  7563.88E-09
270000.E+00  0000.00E+00  0000.00E+00
276000.E+00  0000.00E+00  0000.00E+00
282000.E+00  0000.00E+00  0000.00E+00
288000.E+00  0000.00E+00  0000.00E+00
294000.E+00  0000.00E+00  0000.00E+00
300000.E+00  0000.00E+00  0000.00E+00
306000.E+00  0000.00E+00  0000.00E+00
312000.E+00  0000.00E+00  0000.00E+00
318000.E+00  0000.00E+00  0000.00E+00
324000.E+00  0000.00E+00  0000.00E+00
330000.E+00  0000.00E+00  0000.00E+00
336000.E+00  0000.00E+00  0000.00E+00
342000.E+00  0000.00E+00  0000.00E+00
348000.E+00  0000.00E+00  0000.00E+00
354000.E+00  0000.00E+00  0000.00E+00
360000.E+00  0000.00E+00  0000.00E+00
366000.E+00  0000.00E+00  0000.00E+00
372000.E+00  0000.00E+00  0000.00E+00
378000.E+00  0000.00E+00  0000.00E+00
384000.E+00  0000.00E+00  0000.00E+00
390000.E+00  0000.00E+00  0000.00E+00
396000.E+00  0000.00E+00  0000.00E+00
402000.E+00  0000.00E+00  0000.00E+00
408000.E+00  0000.00E+00  0000.00E+00
414000.E+00  0000.00E+00  0000.00E+00
420000.E+00  0000.00E+00  0000.00E+00
426000.E+00  0000.00E+00  0000.00E+00
432000.E+00  0000.00E+00  0000.00E+00
438000.E+00  0000.00E+00  0000.00E+00
444000.E+00  0000.00E+00  0000.00E+00
450000.E+00  0000.00E+00  0000.00E+00
456000.E+00  0000.00E+00  0000.00E+00
462000.E+00  0000.00E+00  0000.00E+00
468000.E+00  0000.00E+00  0000.00E+00
474000.E+00  0000.00E+00  0000.00E+00
480000.E+00  0000.00E+00  0000.00E+00
486000.E+00  0000.00E+00  0000.00E+00
492000.E+00  0000.00E+00  0000.00E+00
498000.E+00  0000.00E+00  0000.00E+00
504000.E+00  0000.00E+00  0000.00E+00
510000.E+00  0000.00E+00  0000.00E+00
516000.E+00  0000.00E+00  0000.00E+00
522000.E+00  0000.00E+00  0000.00E+00
528000.E+00  0000.00E+00  0000.00E+00
534000.E+00  0000.00E+00  0000.00E+00
540000.E+00  0000.00E+00  0000.00E+00
546000.E+00  0000.00E+00  0000.00E+00
552000.E+00  0000.00E+00  0000.00E+00
558000.E+00  0000.00E+00  0000.00E+00
564000.E+00  0000.00E+00  0000.00E+00
570000.E+00  0000.00E+00  0000.00E+00
576000.E+00  0000.00E+00  0000.00E+00
582000.E+00  0000.00E+00  0000.00E+00
588000.E+00  0000.00E+00  0000.00E+00
594000.E+00  0000.00E+00  0000.00E+00
600000.E+00  0000.00E+00  0000.00E+00