100000.E-01  8122.53E-03  3884.84E-07
200000.E-01  8328.32E-03  1693.44E-06
300000.E-01  8554.45E-03  3085.19E-06
400000.E-01  8882.05E-03  1034.83E-06
500000.E-01  9168.52E-03  3605.90E-06
600000.E-01  9496.72E-03  7832.80E-07
700000.E-01  9896.14E-03  8548.71E-07
800000.E-01  1037.20E-02  2255.31E-06
900000.E-01  1092.51E-02  8545.82E-07
100000.E+00  1162.49E-02  7649.57E-07
110000.E+00  1242.95E-02  1689.30E-06
120000.E+00  1354.98E-02  1413.36E-06
130000.E+00  1505.08E-02  2153.86E-06
140000.E+00  1732.64E-02  5209.33E-06
150000.E+00  2139.66E-02  5413.34E-06
160000.E+00  2240.08E-02  2716.81E-05
170000.E+00  2166.67E-03  1753.84E-05
180000.E+00  0000.00E+00  0000.00E+00
190000.E+00  0000.00E+00  0000.00E+00
200000.E+00  0000.00E+00  0000.00E+00
210000.E+00  0000.00E+00  0000.00E+00
220000.E+00  0000.00E+00  0000.00E+00
230000.E+00  0000.00E+00  0000.00E+00
240000.E+00  0000.00E+00  0000.00E+00
250000.E+00  0000.00E+00  0000.00E+00
260000.E+00  0000.00E+00  0000.00E+00
270000.E+00  0000.00E+00  0000.00E+00
280000.E+00  0000.00E+00  0000.00E+00
290000.E+00  0000.00E+00  0000.00E+00
300000.E+00  0000.00E+00  0000.00E+00
310000.E+00  0000.00E+00  0000.00E+00
320000.E+00  0000.00E+00  0000.00E+00
330000.E+00  0000.00E+00  0000.00E+00
340000.E+00  0000.00E+00  0000.00E+00
350000.E+00  0000.00E+00  0000.00E+00
360000.E+00  0000.00E+00  0000.00E+00
370000.E+00  0000.00E+00  0000.00E+00
380000.E+00  0000.00E+00  0000.00E+00
390000.E+00  0000.00E+00  0000.00E+00
400000.E+00  0000.00E+00  0000.00E+00
410000.E+00  0000.00E+00  0000.00E+00
420000.E+00  0000.00E+00  0000.00E+00
430000.E+00  0000.00E+00  0000.00E+00
440000.E+00  0000.00E+00  0000.00E+00
450000.E+00  0000.00E+00  0000.00E+00
460000.E+00  0000.00E+00  0000.00E+00
470000.E+00  0000.00E+00  0000.00E+00
480000.E+00  0000.00E+00  0000.00E+00
490000.E+00  0000.00E+00  0000.00E+00
500000.E+00  0000.00E+00  0000.00E+00
510000.E+00  0000.00E+00  0000.00E+00
520000.E+00  0000.00E+00  0000.00E+00
530000.E+00  0000.00E+00  0000.00E+00
540000.E+00  0000.00E+00  0000.00E+00
550000.E+00  0000.00E+00  0000.00E+00
560000.E+00  0000.00E+00  0000.00E+00
570000.E+00  0000.00E+00  0000.00E+00
580000.E+00  0000.00E+00  0000.00E+00
590000.E+00  0000.00E+00  0000.00E+00
600000.E+00  0000.00E+00  0000.00E+00
610000.E+00  0000.00E+00  0000.00E+00
620000.E+00  0000.00E+00  0000.00E+00
630000.E+00  0000.00E+00  0000.00E+00
640000.E+00  0000.00E+00  0000.00E+00
650000.E+00  0000.00E+00  0000.00E+00
660000.E+00  0000.00E+00  0000.00E+00
670000.E+00  0000.00E+00  0000.00E+00
680000.E+00  0000.00E+00  0000.00E+00
690000.E+00  0000.00E+00  0000.00E+00
700000.E+00  0000.00E+00  0000.00E+00
710000.E+00  0000.00E+00  0000.00E+00
720000.E+00  0000.00E+00  0000.00E+00
730000.E+00  0000.00E+00  0000.00E+00
740000.E+00  0000.00E+00  0000.00E+00
750000.E+00  0000.00E+00  0000.00E+00
760000.E+00  0000.00E+00  0000.00E+00
770000.E+00  0000.00E+00  0000.00E+00
780000.E+00  0000.00E+00  0000.00E+00
790000.E+00  0000.00E+00  0000.00E+00
800000.E+00  0000.00E+00  0000.00E+00
810000.E+00  0000.00E+00  0000.00E+00
820000.E+00  0000.00E+00  0000.00E+00
830000.E+00  0000.00E+00  0000.00E+00
840000.E+00  0000.00E+00  0000.00E+00
850000.E+00  0000.00E+00  0000.00E+00
860000.E+00  0000.00E+00  0000.00E+00
870000.E+00  0000.00E+00  0000.00E+00
880000.E+00  0000.00E+00  0000.00E+00
890000.E+00  0000.00E+00  0000.00E+00
900000.E+00  0000.00E+00  0000.00E+00
910000.E+00  0000.00E+00  0000.00E+00
920000.E+00  0000.00E+00  0000.00E+00
930000.E+00  0000.00E+00  0000.00E+00
940000.E+00  0000.00E+00  0000.00E+00
950000.E+00  0000.00E+00  0000.00E+00
960000.E+00  0000.00E+00  0000.00E+00
970000.E+00  0000.00E+00  0000.00E+00
980000.E+00  0000.00E+00  0000.00E+00
990000.E+00  0000.00E+00  0000.00E+00
100000.E+01  0000.00E+00  0000.00E+00