-200 239.234
-195 239.336
-190 239.238
-185 239.284
-180 239.284
-175 239.259
-170 239.284
-165 239.229
-160 239.232
-155 239.249
-150 239.289
-145 239.268
-140 239.293
-135 239.307
-130 239.305
-125 239.274
-120 239.292
-115 239.36
-110 239.381
-105 239.35
-100 239.334
-95 239.313
-90 239.375
-85 239.382
-80 239.258
-75 238.983
-70 237.957
-65 235.783
-60 233.081
-55 229.975
-50 224.502
-45 219.592
-40 212.614
-35 205.654
-30 195.844
-25 186.901
-20 170.684
-15 145.01
-10 108.411
-5 61.0091
0 0
5 58.4392
10 108.524
15 145.322
20 171.002
25 185.88
30 196.928
35 204.992
40 212.436
45 219.575
50 224.408
55 229.609
60 232.4
65 236.244
70 237.82
75 238.864
80 239.246
85 239.399
90 239.34
95 239.291
100 239.246
105 239.306
110 239.268
115 239.331
120 239.355
125 239.303
130 239.3
135 239.289
140 239.307
145 239.283
150 239.341
155 239.296
160 239.257
165 239.283
170 239.212
175 239.252
180 239.299
185 239.342
190 239.213
195 239.273
200 239.288
